[gd_scene load_steps=27 format=3 uid="uid://gglv8w0xmrbi"]

[ext_resource type="PackedScene" uid="uid://c7bmc5dgethv6" path="res://src/character/character.tscn" id="1_glioh"]
[ext_resource type="PackedScene" uid="uid://dvc73tcpw6x46" path="res://models/graybox/gray_box.blend" id="2_e8au3"]
[ext_resource type="PackedScene" uid="uid://dlufy3467u62w" path="res://models/lab/lab.blend" id="3_e8au3"]
[ext_resource type="PackedScene" uid="uid://dxma1i67q3ydl" path="res://models/celling_lamp/celling_lamp.blend" id="4_lxi0y"]
[ext_resource type="PackedScene" uid="uid://ktk3iurioob7" path="res://models/lab/dispenser.tscn" id="7_v7otv"]
[ext_resource type="PackedScene" uid="uid://b5f8ci487dhee" path="res://models/table/table.blend" id="9_3ilhv"]
[ext_resource type="FontFile" uid="uid://1em17x6u4lb5" path="res://src/font/Robgraves-lKYV.ttf" id="9_vswbq"]
[ext_resource type="PackedScene" uid="uid://c8lyy2w64yscr" path="res://models/props/not_ikea.blend" id="10_3ilhv"]
[ext_resource type="PackedScene" uid="uid://bw7r6dx02fwd0" path="res://models/props/tavle.blend" id="11_y4i6o"]
[ext_resource type="PackedScene" uid="uid://c6ufe26dfcnkd" path="res://models/celling_lamp/celling_lamp_orange.blend" id="12_t6lu4"]
[ext_resource type="PackedScene" uid="uid://c0lvwebmrfgq" path="res://models/celling_lamp/book.blend" id="13_5dx31"]
[ext_resource type="PackedScene" uid="uid://cpqs5sqyxtqe5" path="res://models/celling_lamp/book1.blend" id="14_xju3q"]
[ext_resource type="PackedScene" uid="uid://clxxe7rktb52x" path="res://models/celling_lamp/poster.blend" id="15_0bsud"]
[ext_resource type="PackedScene" uid="uid://dfn1fsf0bhmot" path="res://models/celling_lamp/poster1.blend" id="16_mjutr"]
[ext_resource type="PackedScene" uid="uid://bopd7itux4bu7" path="res://models/celling_lamp/poster2.blend" id="17_nnq52"]
[ext_resource type="PackedScene" uid="uid://cgl316hivmgth" path="res://src/objects/psioir/drain.tscn" id="18_ckmhc"]
[ext_resource type="PackedScene" uid="uid://b8jomllk651t7" path="res://src/objects/door/door.tscn" id="19_qmtx8"]
[ext_resource type="PackedScene" uid="uid://buim4383m8eae" path="res://src/objects/clip_board/clip_board.tscn" id="20_sfaeg"]
[ext_resource type="FontFile" uid="uid://cs2hiw5q50siq" path="res://src/font/TeenSpirit-yY33.ttf" id="20_ww25s"]
[ext_resource type="PackedScene" uid="uid://cq5x0decftyh1" path="res://models/props/skralde_spand.blend" id="21_vswbq"]
[ext_resource type="PackedScene" uid="uid://de2j42mcdk7fa" path="res://src/objects/conical_flask/conical_flask.tscn" id="22_5v4vx"]
[ext_resource type="PackedScene" uid="uid://kosbphkxs86a" path="res://models/celling_lamp/lab_closet.blend" id="22_ww25s"]
[ext_resource type="Script" path="res://src/objects/conical_flask/loading_flask.gd" id="23_5v4vx"]

[sub_resource type="ProceduralSkyMaterial" id="ProceduralSkyMaterial_lxi0y"]
sky_horizon_color = Color(0.662243, 0.671743, 0.686743, 1)
ground_horizon_color = Color(0.662243, 0.671743, 0.686743, 1)

[sub_resource type="Sky" id="Sky_vswbq"]
sky_material = SubResource("ProceduralSkyMaterial_lxi0y")

[sub_resource type="Environment" id="Environment_paco0"]
background_mode = 2
sky = SubResource("Sky_vswbq")
ambient_light_color = Color(0.129412, 0.129412, 0.301961, 1)
tonemap_mode = 2
fog_enabled = true
fog_light_color = Color(0.129412, 0.129412, 0.301961, 1)
fog_density = 0.1153
fog_height_density = 0.6737

[node name="Node3D" type="Node3D"]

[node name="WorldEnvironment" type="WorldEnvironment" parent="."]
environment = SubResource("Environment_paco0")

[node name="DirectionalLight3D" type="DirectionalLight3D" parent="."]
transform = Transform3D(-0.866025, -0.433013, 0.25, 0, 0.5, 0.866025, -0.5, 0.75, -0.433013, 0, 0, 0)
light_energy = 0.1
shadow_enabled = true

[node name="Character" parent="." instance=ExtResource("1_glioh")]
transform = Transform3D(0.71934, 0, 0.694658, 0, 1, 0, -0.694658, 0, 0.71934, -0.48346, 14.0282, 22.185)

[node name="gray_box" parent="." instance=ExtResource("2_e8au3")]
transform = Transform3D(1, 0, 0, 0, 1, 0, 0, 0, 1, 0, 6.09895, 0)

[node name="lab" parent="." instance=ExtResource("3_e8au3")]
transform = Transform3D(1, 0, 0, 0, 1, 0, 0, 0, 1, 0.0861596, -0.0389827, 0.0108844)
visible = false

[node name="celling_lamp" parent="." instance=ExtResource("4_lxi0y")]
transform = Transform3D(1, 0, 0, 0, 1, 0, 0, 0, 1, -0.996905, 4094.09, -1.0762)

[node name="OmniLight3D" type="OmniLight3D" parent="."]
transform = Transform3D(1, 0, 0, 0, 1, 0, 0, 0, 1, 0, 24.4276, 0)
light_color = Color(0.793697, 0.527065, 0.231178, 1)
light_energy = 2.455
omni_range = 26.39
omni_attenuation = -0.143

[node name="OmniLight3D2" type="OmniLight3D" parent="."]
transform = Transform3D(1, 0, 0, 0, 1, 0, 0, 0, 1, -22.1817, 21.193, 0)
light_color = Color(0.283769, 0.617758, 0.899264, 1)
light_energy = 2.455
omni_range = 26.39
omni_attenuation = -0.143

[node name="table" parent="." instance=ExtResource("9_3ilhv")]
transform = Transform3D(0.0320253, 0, 0.804363, 0, 0.805, 0, -0.804363, 0, 0.0320253, -17.8009, 13.5577, 0.395025)

[node name="table2" parent="." instance=ExtResource("9_3ilhv")]
transform = Transform3D(-0.805, 0, -7.03753e-08, 0, 0.805, 0, 7.03753e-08, 0, -0.805, -14.0742, 13.5577, -8.63472)

[node name="celling_lamp2" parent="." instance=ExtResource("4_lxi0y")]
transform = Transform3D(1, 0, 0, 0, 1, 0, 0, 0, 1, -17.8587, 18.5005, 0)

[node name="not_ikea" parent="." instance=ExtResource("10_3ilhv")]
transform = Transform3D(-0.00145082, 0, 0.664998, 0, 0.665, 0, -0.664998, 0, -0.00145082, -11.187, 14.1733, 13.5897)

[node name="table3" parent="." instance=ExtResource("9_3ilhv")]
transform = Transform3D(-0.647936, 0, -0.0107781, 0, 0.648025, 0, 0.0107781, 0, -0.647936, -16.2222, 13.786, 13.5057)

[node name="tavle" parent="." instance=ExtResource("11_y4i6o")]
transform = Transform3D(-0.53, 0, 4.63341e-08, 0, 0.53, 0, -4.63341e-08, 0, -0.53, -10.4698, 16.4224, 5.91925)

[node name="Label" type="Label3D" parent="tavle"]
transform = Transform3D(-4.10087e-08, -2.15697e-08, 1, -0.246728, 0.969085, 1.07849e-08, -0.969085, -0.246728, -4.50628e-08, 0.0579643, 0.931416, 1.15546)
visible = false
text = "First mix Oceamid and that red flask"
font = ExtResource("9_vswbq")
font_size = 60

[node name="celling_lamp_orange" parent="." instance=ExtResource("12_t6lu4")]
transform = Transform3D(1, 0, 0, 0, 1, 0, 0, 0, 1, 0.113888, 18.4033, 0.0020895)

[node name="tavle2" parent="." instance=ExtResource("11_y4i6o")]
transform = Transform3D(-0.53, 0, 4.63341e-08, 0, 0.53, 0, -4.63341e-08, 0, -0.53, -10.4698, 16.791, -5.83837)

[node name="not_ikea2" parent="." instance=ExtResource("10_3ilhv")]
transform = Transform3D(-0.00145082, 0, 0.664998, 0, 0.665, 0, -0.664998, 0, -0.00145082, -19.2877, 14.0323, -9.34692)

[node name="book" parent="." instance=ExtResource("13_5dx31")]
transform = Transform3D(0.723931, 0, -0.689872, 0, 1, 0, 0.689872, 0, 0.723931, -16.6224, 14.7825, -8.28483)

[node name="book1" parent="." instance=ExtResource("14_xju3q")]
transform = Transform3D(0.86714, 0, -0.498064, 0, 1, 0, 0.498064, 0, 0.86714, -16.5564, 15.0985, -8.15126)

[node name="poster" parent="." instance=ExtResource("15_0bsud")]
transform = Transform3D(1.31134e-07, 0, 1, 0, 1, 0, -1, 0, 1.31134e-07, -14.0981, 16.0574, -9.46368)

[node name="poster1" parent="." instance=ExtResource("16_mjutr")]
transform = Transform3D(-1, 0, -8.74228e-08, 0, 1, 0, 8.74228e-08, 0, -1, -15.9371, 15.9984, 14.3217)

[node name="poster2" parent="." instance=ExtResource("15_0bsud")]
transform = Transform3D(1, 0, 0, 0, 1, 0, 0, 0, 1, -26.505, 15.4148, 4.9955)

[node name="poster3" parent="." instance=ExtResource("17_nnq52")]
transform = Transform3D(1.31134e-07, 0, 1, 0, 1, 0, -1, 0, 1.31134e-07, -26.4465, 15.6366, 8.45909)

[node name="Dispenser5" parent="." instance=ExtResource("7_v7otv")]
transform = Transform3D(-0.584928, 0, -0.0092295, 0, 0.585, 0, 0.0092295, 0, -0.584928, 9.38081, 14.3169, 15.5053)
conical_flask_name_dispensed = "Sepirium"

[node name="Drain" parent="." instance=ExtResource("18_ckmhc")]
transform = Transform3D(0.62, 0, 0, 0, 0.62, 0, 0, 0, 0.62, -9.52485, 14.7978, 3.68578)
activate_chemical = "Laudle"

[node name="Door" parent="." instance=ExtResource("19_qmtx8")]
transform = Transform3D(0.99, 0, 0, 0, 1.2, 0, 0, 0, 0.99, -10.2279, 15.2773, 0.244098)
activate_on = "Laudle"

[node name="Door2" parent="." instance=ExtResource("19_qmtx8")]
transform = Transform3D(-4.37114e-08, 0, 0.982959, 0, 1.17967, 0, -1, 0, -4.29665e-08, -0.145983, 15.2629, 14.228)
activate_on = "Applumid"

[node name="Drain2" parent="." instance=ExtResource("18_ckmhc")]
transform = Transform3D(-2.71011e-08, 0, -0.62, 0, 0.62, 0, 0.62, 0, -2.71011e-08, -2.97963, 14.7195, 14.9972)
activate_chemical = "Applumid"

[node name="celling_lamp3" parent="." instance=ExtResource("4_lxi0y")]
transform = Transform3D(1, 0, 0, 0, 1, 0, 0, 0, 1, 1.015, 18.5835, 20.623)

[node name="Dispenser" parent="." instance=ExtResource("7_v7otv")]
transform = Transform3D(0.585, 0, 0, 0, 0.585, 0, 0, 0, 0.585, -9.54363, 14.3007, 20.184)
conical_flask_name_dispensed = "Limyl"

[node name="not_ikea3" parent="." instance=ExtResource("10_3ilhv")]
transform = Transform3D(0.645, 0, -3.07108e-14, 0, 0.645, 0, 3.07108e-14, 0, 0.645, -9.87335, 13.9993, 16.7725)

[node name="tavle3" parent="." instance=ExtResource("11_y4i6o")]
transform = Transform3D(-2.12e-08, 0, 0.485, 0, 0.485, 0, -0.485, 0, -2.12e-08, -0.548206, 16.3178, 28.318)

[node name="Label3D" type="Label3D" parent="tavle3"]
transform = Transform3D(1.31134e-07, 0, 1, 0, 1, 0, -1, 0, 1.31134e-07, -0.0536041, 2.10793, 5.1467)
text = "Controls:
 ∘WASD to move
 ∘ALT to capture mouse
 ∘left/right click to pick up items or release
held item, hold shift to throw
 ∘press 'F' to pour or inspect


"
font = ExtResource("20_ww25s")
font_size = 91
horizontal_alignment = 0
vertical_alignment = 0

[node name="ClipBoard3" parent="." instance=ExtResource("20_sfaeg")]
transform = Transform3D(-0.0442069, 0.991167, -0.125038, 0.489501, 0.130596, 0.862168, 0.870881, -0.0230924, -0.49095, -9.71195, 13.8891, 15.6973)
text = "Step #2:Now, mix Limyl with Cacticum-4. If done correctly, you should obtain Applumid. Move to the next section."

[node name="ClipBoard" parent="." instance=ExtResource("20_sfaeg")]
transform = Transform3D(-0.0166791, 0.107827, 0.99403, 0.988247, 0.152865, 0, -0.151952, 0.982347, -0.10911, -1.36306, 15.3676, 27.2238)
text = "Greetings, Test Subject #10E10. If you are reading this, it means your brain must be in working order again. I have locked you in this facility."

[node name="ClipBoard4" parent="." instance=ExtResource("20_sfaeg")]
transform = Transform3D(0.00809349, -0.0523241, 0.998598, 0.988247, 0.152865, 1.85153e-09, -0.15265, 0.986861, 0.0529458, -2.48948, 15.3676, 27.2238)
text = "To get out, you have to synthesize the final ingredient for my plans. However, be careful—all the chemical compounds are highly reactive. I have scattered my notes around; use them to figure out the recipes."

[node name="table4" parent="." instance=ExtResource("9_3ilhv")]
transform = Transform3D(0.84, 0, 0, 0, 0.84, 0, 0, 0, 0.84, -6.86882, 13.6645, 27.9593)

[node name="table5" parent="." instance=ExtResource("9_3ilhv")]
transform = Transform3D(0.84, 0, 0, 0, 0.84, 0, 0, 0, 0.84, 0.656315, 13.6645, 27.9593)

[node name="table6" parent="." instance=ExtResource("9_3ilhv")]
transform = Transform3D(0.84, 0, 0, 0, 0.84, 0, 0, 0, 0.84, 7.15534, 13.6645, 27.9593)

[node name="book2" parent="." instance=ExtResource("13_5dx31")]
transform = Transform3D(0.888921, 0, 0.45806, 0, 1, 0, -0.45806, 0, 0.888921, 9.50225, 14.9109, 27.5726)

[node name="book3" parent="." instance=ExtResource("14_xju3q")]
transform = Transform3D(-0.627895, 0, -0.778298, 0, 1, 0, 0.778298, 0, -0.627895, 9.57971, 15.3475, 27.7127)

[node name="poster4" parent="." instance=ExtResource("16_mjutr")]
transform = Transform3D(1, 0, 0, 0, 1, 0, 0, 0, 1, -6.94763, 16.3238, 28.6358)

[node name="poster5" parent="." instance=ExtResource("17_nnq52")]
transform = Transform3D(-4.37114e-08, 0, -1, 0, 1, 0, 1, 0, -4.37114e-08, 10.2182, 16.3058, 18.8539)

[node name="Node3D" type="Node3D" parent="."]
transform = Transform3D(1.65274e-15, -3.78104e-08, 0.865, -0.865, -3.78104e-08, 0, 3.78104e-08, -0.865, -3.78104e-08, -9.84217, 13.9987, 16.3072)

[node name="book4" parent="Node3D" instance=ExtResource("13_5dx31")]

[node name="book5" parent="Node3D" instance=ExtResource("13_5dx31")]
transform = Transform3D(1, 3.55271e-15, -2.11758e-22, -3.55271e-15, 1, 3.55271e-15, 0, -3.55271e-15, 1, 0, -0.323454, 0)

[node name="book6" parent="Node3D" instance=ExtResource("13_5dx31")]
transform = Transform3D(1, 3.55271e-15, -2.11758e-22, -3.55271e-15, 1, 3.55271e-15, 0, -3.55271e-15, 1, 0, -0.680159, 0)

[node name="skralde_spand" parent="Node3D" instance=ExtResource("21_vswbq")]
transform = Transform3D(-5.85748e-09, -0.641, 1.71444e-08, -0.506997, -5.85747e-09, -0.392219, 0.392219, -1.71444e-08, -0.506997, 0.186565, -6.44712, 0.496383)

[node name="ClipBoard2" parent="." instance=ExtResource("20_sfaeg")]
transform = Transform3D(-0.0224779, 0, 0.999747, 0.36821, 0.929706, 0.00827869, -0.929471, 0.368303, -0.0208979, -9.79152, 15.2967, 16.8941)
text = "Step #1:In this room, there are dispensers for two chemicals, Limyl and Sepirium. To proceed to the next room, combine them. REMEMBER THE CORRECT ORDER! This will create the compound Cacticum-4."
clipboard_number = "3"
total_clipboard_number = "3"

[node name="Dispenser4" parent="." instance=ExtResource("7_v7otv")]
transform = Transform3D(1, 0, 0, 0, 1, 0, 0, 0, 1, 0, 6.09895, 0)

[node name="Node3D2" type="Node3D" parent="."]
transform = Transform3D(1, 0, 0, 0, 1, 0, 0, 0, 1, 0, 14.8219, 0)

[node name="ClipBoard3" parent="Node3D2" instance=ExtResource("20_sfaeg")]
transform = Transform3D(0.0868428, 0, 0.996222, 0.6442, 0.762793, -0.0561563, -0.759911, 0.646643, 0.066243, -3.86984, 0.597001, 8.33595)
text = "Note #1: Combine Oceamid and Redamin. The resulting substance should be Grass Juice."
clipboard_number = "1"
total_clipboard_number = "10"

[node name="ClipBoard5" parent="Node3D2" instance=ExtResource("20_sfaeg")]
transform = Transform3D(-0.262593, -0.034937, -0.964274, 0.324266, 0.938028, -0.122291, 0.908788, -0.344794, -0.234991, -0.352143, 0.682408, -10.5173)
text = "Note #2:Now, mix Grass Juice with Applumid. The product should be Cadrulium."
clipboard_number = "2"
total_clipboard_number = "10"

[node name="ClipBoard4" parent="Node3D2" instance=ExtResource("20_sfaeg")]
transform = Transform3D(-0.22575, 0, 0.974185, 0.287831, 0.955356, 0.0666997, -0.930693, 0.295458, -0.215672, 8.71909, -0.894859, -8.71859)
text = "Note #3:Combine Cadrulium with another portion of Grass Juice. The resulting liquid should be Princiade."
clipboard_number = "3"
total_clipboard_number = "10"

[node name="ClipBoard6" parent="Node3D2" instance=ExtResource("20_sfaeg")]
transform = Transform3D(0.207707, 0, 0.978191, 0.6161, 0.776728, -0.130821, -0.759789, 0.629836, 0.161332, -1.1527, -0.750339, 6.47312)
text = "Note #4:Now, take Princiade and mix it with Oceamid. This should create Dracula’s Blood."
clipboard_number = "4"
total_clipboard_number = "10"

[node name="ClipBoard7" parent="Node3D2" instance=ExtResource("20_sfaeg")]
transform = Transform3D(0.132447, 0, 0.99119, 0.415553, 0.907873, -0.0555278, -0.899874, 0.419246, 0.120245, -8.98976, -0.894859, -7.10469)
text = "Note #5:Finally, combine Dracula’s Blood with Applumid. If successful, you will get Laudle. This should open the door to the next room"
clipboard_number = "5"
total_clipboard_number = "10"

[node name="Dispenser6" parent="." instance=ExtResource("7_v7otv")]
transform = Transform3D(-0.585, 0, -5.11423e-08, 0, 0.585, 0, 5.11423e-08, 0, -0.585, 8.99456, 14.3572, -7.15187)
conical_flask_name_dispensed = "Redamin"

[node name="lab_closet" parent="." instance=ExtResource("22_ww25s")]
transform = Transform3D(0.305396, 0, -0.952225, 0, 1, 0, 0.952225, 0, 0.305396, -7.53703, 15.8158, -9.46688)

[node name="lab_closet2" parent="." instance=ExtResource("22_ww25s")]
transform = Transform3D(0.305396, 0, -0.952225, 0, 1, 0, 0.952225, 0, 0.305396, -4.23544, 15.8158, -10.4669)

[node name="not_ikea4" parent="." instance=ExtResource("10_3ilhv")]
transform = Transform3D(0.695, 0, 0, 0, 0.695, 0, 0, 0, 0.695, -9.31015, 14.1056, -4.54616)

[node name="table7" parent="." instance=ExtResource("9_3ilhv")]
transform = Transform3D(0.84, 0, 0, 0, 0.84, 0, 0, 0, 0.84, -3.32432, 13.6645, 8.25404)

[node name="table8" parent="." instance=ExtResource("9_3ilhv")]
transform = Transform3D(0.84, 0, 0, 0, 0.84, 0, 0, 0, 0.84, 1.41566, 13.6645, 8.25404)

[node name="table9" parent="." instance=ExtResource("9_3ilhv")]
transform = Transform3D(0.84, 0, 0, 0, 0.84, 0, 0, 0, 0.84, -1.41712, 13.6645, 1.26465)

[node name="table10" parent="." instance=ExtResource("9_3ilhv")]
transform = Transform3D(0.84, 0, 0, 0, 0.84, 0, 0, 0, 0.84, 3.32287, 13.6645, 1.26465)

[node name="table11" parent="." instance=ExtResource("9_3ilhv")]
transform = Transform3D(0.799519, 0, 0.257621, 0, 0.84, 0, -0.257621, 0, 0.799519, 1.40571, 13.6645, -12.1589)

[node name="table12" parent="." instance=ExtResource("9_3ilhv")]
transform = Transform3D(0.799519, 0, 0.257621, 0, 0.84, 0, -0.257621, 0, 0.799519, 5.91727, 13.6645, -13.6126)

[node name="table13" parent="." instance=ExtResource("9_3ilhv")]
transform = Transform3D(0.799519, 0, 0.257621, 0, 0.84, 0, -0.257621, 0, 0.799519, 7.67096, 13.6645, -14.234)

[node name="poster6" parent="." instance=ExtResource("15_0bsud")]
transform = Transform3D(1, 0, 0, 0, 1, 0, 0, 0, 1, 9.97604, 15.8368, -0.211014)

[node name="poster7" parent="." instance=ExtResource("17_nnq52")]
transform = Transform3D(-1, 0, -8.74228e-08, 0, 1, 0, 8.74228e-08, 0, -1, 4.66074, 15.9629, 13.8332)

[node name="poster8" parent="." instance=ExtResource("16_mjutr")]
transform = Transform3D(-4.37114e-08, 0, -1, 0, 1, 0, 1, 0, -4.37114e-08, 10.0139, 16.0116, 7.16387)

[node name="poster9" parent="." instance=ExtResource("15_0bsud")]
transform = Transform3D(-1, 0, -8.74228e-08, 0, 1, 0, 8.74228e-08, 0, -1, -10.0614, 15.5861, 6.80315)

[node name="poster10" parent="." instance=ExtResource("15_0bsud")]
transform = Transform3D(-0.314838, 0, 0.949146, 0, 1, 0, -0.949146, 0, -0.314838, 4.74521, 16.4771, -14.2378)

[node name="Dispenser7" parent="." instance=ExtResource("7_v7otv")]
transform = Transform3D(-2.55712e-08, 0, 0.585, 0, 0.585, 0, -0.585, 0, -2.55712e-08, -24.097, 14.3007, 13.6481)
conical_flask_name_dispensed = "Oxofizz"

[node name="Node3D3" type="Node3D" parent="."]
transform = Transform3D(1, 0, 0, 0, 1, 0, 0, 0, 1, -11.7772, 13.8706, 4.67727)

[node name="ClipBoard4" parent="Node3D3" instance=ExtResource("20_sfaeg")]
transform = Transform3D(0.958028, 0.286675, 0, -0.286675, 0.958028, 0, 0, 0, 1, -6.44107, 0, -13.0662)
text = "Note #6:Mix Laudle with the pink liquid. This will create a gray substance."
clipboard_number = "6"
total_clipboard_number = "10"

[node name="ClipBoard5" parent="Node3D3" instance=ExtResource("20_sfaeg")]
transform = Transform3D(-0.161587, 0.986859, 0, -0.986859, -0.161587, 0, 0, 0, 1, -6.5307, 1.03241, -4.3245)
text = "Note #7:Now, mix Laudle with Oxofizz. The final product will be Cider."
clipboard_number = "7"
total_clipboard_number = "10"

[node name="ClipBoard6" parent="Node3D3" instance=ExtResource("20_sfaeg")]
transform = Transform3D(0.0484837, -0.998824, 0, 0.998824, 0.0484837, 0, 0, 0, 1, -13.1284, 1.83847, -6.98574)
text = "Note #8:Mix Cider and Applumid. This should result in Tonicum. "
clipboard_number = "8"
total_clipboard_number = "10"

[node name="ClipBoard7" parent="Node3D3" instance=ExtResource("20_sfaeg")]
transform = Transform3D(0.908172, 0.418596, 0, -0.418596, 0.908172, 0, 0, 0, 1, -0.308701, 0.199025, 8.83104)
text = "Note #9:Mix Cacticum-4 with the gray. This will produce Jamol."
clipboard_number = "9"
total_clipboard_number = "10"

[node name="ClipBoard8" parent="Node3D3" instance=ExtResource("20_sfaeg")]
transform = Transform3D(0.00102407, -0.64479, -0.764359, 0.999999, 0.00158823, 0, 0.00121397, -0.764358, 0.644791, -7.82746, 0, 4.69372)
text = "Note #10:Finally, mix Tonicum with Jamol. If done correctly, you will obtain Water—the key to your escape!"
clipboard_number = "10"
total_clipboard_number = "10"

[node name="table14" parent="." instance=ExtResource("9_3ilhv")]
transform = Transform3D(0.0320253, 0, 0.804363, 0, 0.805, 0, -0.804363, 0, 0.0320253, -25.3544, 13.5577, -3.00032)

[node name="Dispenser2" parent="." instance=ExtResource("7_v7otv")]
transform = Transform3D(0.585, 0, 0, 0, 0.585, 0, 0, 0, 0.585, -9.3456, 14.3572, 13.1289)
conical_flask_name_dispensed = "Oceamid"

[node name="conical_flask2" parent="." instance=ExtResource("22_5v4vx")]
transform = Transform3D(1, 0, 0, 0, 1, 0, 0, 0, 1, -7.71509, 14.1324, 6.698)
script = ExtResource("23_5v4vx")
substance_name = "Limyl"
